Title,Authors,Platform,Cited_url,Cited_count,Year
Molecular biology of human papillomavirus infection and cervical cancer,J Doorbar,"Clinical science 110 (5), 525-541",https://scholar.google.com/scholar?oi=bibs&hl=en&cites=15026677786078665594,1228,2006
The papillomavirus life cycle,J Doorbar,"Journal of clinical virology 32, 7-15",https://scholar.google.com/scholar?oi=bibs&hl=en&cites=1440355276324651846,994,2005
The biology and life-cycle of human papillomaviruses,"J Doorbar, W Quint, L Banks, IG Bravo, M Stoler, TR Broker, MA Stanley","Vaccine 30, F55-F70",https://scholar.google.com/scholar?oi=bibs&hl=en&cites=8065038930308814562,980,2012
Comprehensive control of human papillomavirus infections and related diseases,"FX Bosch, TR Broker, D Forman, AB Moscicki, ML Gillison, J Doorbar, ...","Vaccine 31, H1-H31",https://scholar.google.com/scholar?oi=bibs&hl=en&cites=4216749224341139302,463,2013
Specific interaction between HPV-16 E1–E4 and cytokeratins results in collapse of the epithelial cell intermediate filament network,"J Doorbar, S Ely, J Sterling, C McLean, L Crawford","Nature 352 (6338), 824",https://scholar.google.com/scholar?oi=bibs&hl=en&cites=17465431545087025417,459,1991
Human papillomavirus molecular biology and disease association,"J Doorbar, N Egawa, H Griffin, C Kranjec, I Murakami","Reviews in medical virology 25, 2-23",https://scholar.google.com/scholar?oi=bibs&hl=en&cites=5778002389104482142,388,2015
Organization of human papillomavirus productive cycle during neoplastic progression provides a basis for selection of diagnostic markers,"K Middleton, W Peh, S Southern, H Griffin, K Sotlar, T Nakahara, ...","Journal of virology 77 (19), 10186-10201",https://scholar.google.com/scholar?oi=bibs&hl=en&cites=8685772020508063523,330,2003
Detection of novel splicing patterns in a HPV16-containing keratinocyte cell line,"J Doorbar, A Parton, K Hartley, L Banks, T Crook, M Stanley, L Crawford","Virology 178 (1), 254-262",https://scholar.google.com/scholar?oi=bibs&hl=en&cites=60036312655171159,230,1990
"Human papillomaviruses; epithelial tropisms, and the development of neoplasia","N Egawa, K Egawa, H Griffin, J Doorbar","Viruses 7 (7), 3863-3890",https://scholar.google.com/scholar?oi=bibs&hl=en&cites=6310780237788530042,221,2015
Identification of the human papilloma virus‐1a E4 gene products.,"J Doorbar, D Campbell, RJ Grand, PH Gallimore","The EMBO journal 5 (2), 355-362",https://scholar.google.com/scholar?oi=bibs&hl=en&cites=15597676783998940974,211,1986
Carcinogenic human papillomavirus infection,"M Schiffman, J Doorbar, N Wentzensen, S De Sanjosé, C Fakhry, ...","Nature reviews Disease primers 2, 16086",https://scholar.google.com/scholar?oi=bibs&hl=en&cites=10760689746742067065,209,2016
Life cycle heterogeneity in animal models of human papillomavirus-associated disease,"WL Peh, K Middleton, N Christensen, P Nicholls, K Egawa, K Sotlar, ...","Journal of virology 76 (20), 10401-10416",https://scholar.google.com/scholar?oi=bibs&hl=en&cites=4218102639583206582,193,2002
Characterization of Events during the Late Stages of HPV16 Infectionin VivoUsing High-Affinity Synthetic Fabs to E4,"J Doorbar, C Foo, N Coleman, L Medcalf, O Hartley, T Prospero, ...","Virology 238 (1), 40-52",https://scholar.google.com/scholar?oi=bibs&hl=en&cites=17081578367509035696,192,1997
Depletion of Langerhans cells in human papillomavirus type 16-infected skin is associated with E6-mediated down regulation of E-cadherin,"K Matthews, CM Leong, L Baxter, E Inglis, K Yun, BT Bäckström, ...","Journal of virology 77 (15), 8378-8385",https://scholar.google.com/scholar?oi=bibs&hl=en&cites=17981780302861857097,170,2003
Identification of proteins encoded by the L1 and L2 open reading frames of human papillomavirus 1a.,"J Doorbar, PH Gallimore","Journal of virology 61 (9), 2793-2799",https://scholar.google.com/scholar?oi=bibs&hl=en&cites=15927135552378125042,169,1987
"The E4 protein; structure, function and patterns of expression",J Doorbar,"Virology 445 (1-2), 80-98",https://scholar.google.com/scholar?oi=bibs&hl=en&cites=8337975839501530336,160,2013
Functional analysis of the human papillomavirus type 16 E1∧ E4 protein provides a mechanism for in vivo and in vitro keratin filament reorganization,"Q Wang, H Griffin, S Southern, D Jackson, A Martin, P McIntosh, C Davy, ...","Journal of virology 78 (2), 821-833",https://scholar.google.com/scholar?oi=bibs&hl=en&cites=6972793301662848528,155,2004
Persistence of viral DNA in the epithelial basal layer suggests a model for papillomavirus latency following immune regression,"GA Maglennon, P McIntosh, J Doorbar","Virology 414 (2), 153-163",https://scholar.google.com/scholar?oi=bibs&hl=en&cites=3804491802207842488,154,2011
Papillomavirus life cycle organization and biomarker selection,J Doorbar,"Disease markers 23 (4), 297-313",https://scholar.google.com/scholar?oi=bibs&hl=en&cites=6499776737196670699,154,2007
Identification of a G2 arrest domain in the E1∧ E4 protein of human papillomavirus type 16,"CE Davy, DJ Jackson, Q Wang, K Raj, PJ Masterson, NF Fenner, ...","Journal of virology 76 (19), 9806-9818",https://scholar.google.com/scholar?oi=bibs&hl=en&cites=11123678135901460324,154,2002
"One virus, one lesion—individual components of CIN lesions contain a specific HPV type","W Quint, D Jenkins, A Molijn, L Struijk, M van de Sandt, J Doorbar, J Mols, ...","The Journal of pathology 227 (1), 62-71",https://scholar.google.com/scholar?oi=bibs&hl=en&cites=6067988558483736042,150,2012
Isolation of a peptide antagonist to the thrombin receptor using phage display,"J Doorbar, G Winter","Journal of molecular biology 244 (4), 361-369",https://scholar.google.com/scholar?oi=bibs&hl=en&cites=12228092493170259232,146,1994
Human papillomavirus type 16 E1∧ E4 contributes to multiple facets of the papillomavirus life cycle,"T Nakahara, WL Peh, J Doorbar, D Lee, PF Lambert","Journal of virology 79 (20), 13150-13165",https://scholar.google.com/scholar?oi=bibs&hl=en&cites=8675243675118665064,134,2005
G2/M cell cycle arrest in the life cycle of viruses,"C Davy, J Doorbar","Virology 368 (2), 219-226",https://scholar.google.com/scholar?oi=bibs&hl=en&cites=82388736943618196,126,2007
Identification of the nuclear localization signal of human papillomavirus type 16 L1 protein,"J Zhou, J Doorbar, XY Sun, LV Crawford, CS McLean, IH Frazer","Virology 185 (2), 625-632",https://scholar.google.com/scholar?oi=bibs&hl=en&cites=12386228941996321579,119,1991
Induction of human papillomavirus type 18 late gene expression and genomic amplification in organotypic cultures from transfected DNA templates.,"MG Frattini, HB Lim, J Doorbar, LA Laimins","Journal of virology 71 (9), 7068-7072",https://scholar.google.com/scholar?oi=bibs&hl=en&cites=9781965979721142495,102,1997
Sequence close to the N-terminus of L2 protein is displayed on the surface of bovine papillomavirus type 1 virions,"WJ Liu, L Gissmann, XY Sun, A Kanjanahaluethai, M Müller, J Doorbar, ...","Virology 227 (2), 474-483",https://scholar.google.com/scholar?oi=bibs&hl=en&cites=2168220407928348953,101,1997
E1∧ E4 protein of human papillomavirus type 16 associates with mitochondria,"K Raj, S Berguerand, S Southern, J Doorbar, P Beard","Journal of virology 78 (13), 7199-7207",https://scholar.google.com/scholar?oi=bibs&hl=en&cites=1566436900555866107,100,2004
Human papillomavirus type 16 E1∧ E4-induced G2 arrest is associated with cytoplasmic retention of active Cdk1/cyclin B1 complexes,"CE Davy, DJ Jackson, K Raj, WL Peh, SA Southern, P Das, R Sorathia, ...","Journal of virology 79 (7), 3998-4011",https://scholar.google.com/scholar?oi=bibs&hl=en&cites=219757488743381349,99,2005
The viral E4 protein is required for the completion of the cottontail rabbit papillomavirus productive cycle in vivo,"WL Peh, JL Brandsma, ND Christensen, NM Cladel, X Wu, J Doorbar","Journal of virology 78 (4), 2142-2151",https://scholar.google.com/scholar?oi=bibs&hl=en&cites=3942110842543726686,99,2004
Human ,"KD Quint, RE Genders, MNC de Koning, C Borgogna, M Gariglio, ...","The Journal of pathology 235 (2), 342-354",https://scholar.google.com/scholar?oi=bibs&hl=en&cites=10793099654509360513,91,2015
Model systems of human papillomavirus‐associated disease,J Doorbar,"The Journal of pathology 238 (2), 166-179",https://scholar.google.com/scholar?oi=bibs&hl=en&cites=5070723727226461658,85,2016
Latent papillomavirus infections and their regulation,J Doorbar,"Current opinion in virology 3 (4), 416-421",https://scholar.google.com/scholar?oi=bibs&hl=en&cites=16192290868209212752,85,2013
The E1∧ E4 protein of human papillomavirus type 16 associates with a putative RNA helicase through sequences in its C terminus,"J Doorbar, RC Elston, S Napthine, K Raj, E Medcalf, D Jackson, ...","Journal of virology 74 (21), 10081-10095",https://scholar.google.com/scholar?oi=bibs&hl=en&cites=2673144168101942652,83,2000
"The identification of a conserved binding motif within human papillomavirus type 16 E6 binding peptides, E6AP and E6BP.","RC Elston, S Napthine, J Doorbar","Journal of General Virology 79 (2), 371-374",https://scholar.google.com/scholar?oi=bibs&hl=en&cites=10179257192163509452,79,1998
Analysis of HPV‐1 E4 gene expression using epitope‐defined antibodies.,"J Doorbar, HS Evans, I Coneron, LV Crawford, PH Gallimore","The EMBO journal 7 (3), 825-833",https://scholar.google.com/scholar?oi=bibs&hl=en&cites=4201931262420156591,79,1988
Sequence divergence yet conserved physical characteristics among the E4 proteins of cutaneous human papillomaviruses,"J Doorbar, I Coneron, PH Gallimore","Virology 172 (1), 51-62",https://scholar.google.com/scholar?oi=bibs&hl=en&cites=8804972494806875038,74,1989
Inhibition of papillomavirus protein function in cervical cancer cells by intrabody targeting,"H Griffin, R Elston, D Jackson, K Ansell, M Coleman, G Winter, J Doorbar","Journal of molecular biology 355 (3), 360-378",https://scholar.google.com/scholar?oi=bibs&hl=en&cites=14003587388387873069,70,2006
Analysis of host–parasite incongruence in papillomavirus evolution using importance sampling,"SD Shah, J Doorbar, RA Goldstein","Molecular biology and evolution 27 (6), 1301-1314",https://scholar.google.com/scholar?oi=bibs&hl=en&cites=14847694735700277756,69,2010
Immunosuppression facilitates the reactivation of latent papillomavirus infections,"GA Maglennon, PB McIntosh, J Doorbar","Journal of virology 88 (1), 710-716",https://scholar.google.com/scholar?oi=bibs&hl=en&cites=15551087520119467192,65,2014
Reconstruction of human papillomavirus type 16-mediated early-stage neoplasia implicates E6/E7 deregulation and the loss of contact inhibition in neoplastic progression,"EI Wechsler, Q Wang, I Roberts, E Pagliarulo, D Jackson, C Untersperger, ...","Journal of virology 86 (11), 6358-6364",https://scholar.google.com/scholar?oi=bibs&hl=en&cites=1270798729033246109,59,2012
Suppl 2: The Biology of Papillomavirus Latency,"GA Maglennon, J Doorbar","The open virology journal 6, 190",https://scholar.google.com/scholar?oi=bibs&hl=en&cites=17242823743451434768,59,2012
E1^ E4-mediated keratin phosphorylation and ubiquitylation: A mechanism for keratin depletion in HPV16-infected epithelium,"PB McIntosh, P Laskey, K Sullivan, C Davy, Q Wang, DJ Jackson, ...","J Cell Sci 123 (16), 2810-2822",https://scholar.google.com/scholar?oi=bibs&hl=en&cites=17151771152881232709,58,2010
The low-risk papillomaviruses,"N Egawa, J Doorbar","Virus research 231, 119-127",https://scholar.google.com/scholar?oi=bibs&hl=en&cites=15119896228426535358,56,2017
Human papillomavirus type 8 interferes with a novel C/EBPβ-mediated mechanism of keratinocyte CCL20 chemokine expression and Langerhans cell migration,"T Sperling, M Ołdak, B Walch-Rückheim, C Wickenhauser, J Doorbar, ...","PLoS pathogens 8 (7), e1002833",https://scholar.google.com/scholar?oi=bibs&hl=en&cites=15339512581825211457,54,2012
"Stabilization of HPV16 E6 protein by PDZ proteins, and potential implications for genome maintenance","L Nicolaides, C Davy, K Raj, C Kranjec, L Banks, J Doorbar","Virology 414 (2), 137-145",https://scholar.google.com/scholar?oi=bibs&hl=en&cites=6027517891597667867,52,2011
Expression of betapapillomavirus oncogenes increases the number of keratinocytes with stem cell-like properties,"M Hufbauer, A Biddle, C Borgogna, M Gariglio, J Doorbar, A Storey, ...","Journal of virology 87 (22), 12158-12165",https://scholar.google.com/scholar?oi=bibs&hl=en&cites=5296400704202591671,48,2013
A novel interaction between the human papillomavirus type 16 E2 and E1^ E4 proteins leads to stabilization of E2,"C Davy, P McIntosh, DJ Jackson, R Sorathia, M Miell, Q Wang, J Khan, ...","Virology 394 (2), 266-275",https://scholar.google.com/scholar?oi=bibs&hl=en&cites=14620626542665082771,46,2009
Structural analysis reveals an amyloid form of the human papillomavirus type 16 E1∧ E4 protein and provides a molecular basis for its accumulation,"PB McIntosh, SR Martin, DJ Jackson, J Khan, ER Isaacson, L Calder, ...","Journal of virology 82 (16), 8196-8203",https://scholar.google.com/scholar?oi=bibs&hl=en&cites=12585784158670248347,46,2008
Intrabody strategies for the treatment of human papillomavirus-associated disease,"J Doorbar, H Griffin","Expert opinion on biological therapy 7 (5), 677-689",https://scholar.google.com/scholar?oi=bibs&hl=en&cites=9388335750358459029,45,2007
Inhibition of E6-induced degradation of its cellular substrates by novel blocking peptides,"HS Grm, M Weber, R Elston, P McIntosh, H Griffin, L Banks, J Doorbar","Journal of molecular biology 335 (4), 971-985",https://scholar.google.com/scholar?oi=bibs&hl=en&cites=6081837851337229236,44,2004
Analysis of HPV1 E4 complexes and their association with keratinsin vivo,"J DOORBAR, E MEDCALF, S NAPTHINE","Virology 218 (1), 114-126",https://scholar.google.com/scholar?oi=bibs&hl=en&cites=11477560683244878635,44,1996
Phosphorylation of the human papillomavirus type 1 E4 proteins in vivo and in vitro,"RJA Grand, J Doorbar, KJ Smith, I Coneron, PH Gallimore","Virology 170 (1), 201-213",https://scholar.google.com/scholar?oi=bibs&hl=en&cites=1135892095473277680,44,1989
Stratification of HPV-induced cervical pathology using the virally encoded molecular marker E4 in combination with p16 or MCM,"H Griffin, Y Soneji, R Van Baars, R Arora, D Jenkins, M Van De Sandt, ...","Modern Pathology 28 (7), 977",https://scholar.google.com/scholar?oi=bibs&hl=en&cites=5255776400820629280,41,2015
Improved detection reveals active ,"C Borgogna, S Lanfredini, A Peretti, M De Andrea, E Zavattaro, ...","Modern Pathology 27 (8), 1101",https://scholar.google.com/scholar?oi=bibs&hl=en&cites=8368338573335857244,40,2014
Characterization of beta papillomavirus E4 expression in tumours from Epidermodysplasia Verruciformis patients and in experimental models,"C Borgogna, E Zavattaro, M De Andrea, HM Griffin, V Dell'Oste, ...","Virology 423 (2), 195-204",https://scholar.google.com/scholar?oi=bibs&hl=en&cites=3711651445319333443,40,2012
Etiological role of human papillomavirus infection for inverted papilloma of the bladder,"K Shigehara, T Sasagawa, J Doorbar, S Kawaguchi, Y Kobori, ...","Journal of medical virology 83 (2), 277-285",https://scholar.google.com/scholar?oi=bibs&hl=en&cites=10978342116125739190,39,2011
E4 antibodies facilitate detection and type-assignment of active HPV infection in cervical disease,"H Griffin, Z Wu, R Marnane, V Dewar, A Molijn, W Quint, C Van Hoof, ...","PloS one 7 (12), e49974",https://scholar.google.com/scholar?oi=bibs&hl=en&cites=17969323398236001929,37,2012
Phosphorylation of the human papillomavirus type 16 E1^ E4 protein at T57 by ERK triggers a structural change that enhances keratin binding and protein stability,"Q Wang, A Kennedy, P Das, PB McIntosh, SA Howell, ER Isaacson, ...","Journal of virology 83 (8), 3668-3683",https://scholar.google.com/scholar?oi=bibs&hl=en&cites=16789992235003715495,37,2009
The human papillomavirus type 11 E1^ E4 protein is not essential for viral genome amplification,"L Fang, LR Budgeon, J Doorbar, ER Briggs, MK Howett","Virology 351 (2), 271-279",https://scholar.google.com/scholar?oi=bibs&hl=en&cites=10742012467674347888,37,2006
Detection of viral DNA and E4 protein in basal keratinocytes of experimental canine oral papillomavirus lesions,"PK Nicholls, J Doorbar, RA Moore, W Peh, DM Anderson, MA Stanley","Virology 284 (1), 82-98",https://scholar.google.com/scholar?oi=bibs&hl=en&cites=183054561693992091,36,2001
HPV16 E1^ E4 protein is phosphorylated by Cdk2/cyclin A and relocalizes this complex to the cytoplasm,"CE Davy, M Ayub, DJ Jackson, P Das, P McIntosh, J Doorbar","Virology 349 (1), 230-244",https://scholar.google.com/scholar?oi=bibs&hl=en&cites=7374520937030192935,35,2006
Role of calpain in the formation of human papillomavirus type 16 E1^ E4 amyloid fibers and reorganization of the keratin network,"J Khan, CE Davy, PB McIntosh, DJ Jackson, S Hinz, Q Wang, J Doorbar","Journal of virology 85 (19), 9984-9997",https://scholar.google.com/scholar?oi=bibs&hl=en&cites=2366326341174758518,34,2011
"Loss of Epidermal Langerhans Cells Occurs in Human Papillomavirus α, γ, and μ but Not β Genus Infections","CM Leong, J Doorbar, I Nindl, HS Yoon, MH Hibma","Journal of Investigative Dermatology 130 (2), 472-480",https://scholar.google.com/scholar?oi=bibs&hl=en&cites=1208749527295631774,33,2010
The E4 protein,"J Doorbara, G Myersb",,https://scholar.google.com/scholar?oi=bibs&hl=en&cites=2292815680460982818,31,1996
Synthesis of viral DNA and late capsid protein L1 in parabasal spinous cell layers of naturally occurring benign warts infected with human papillomavirus type 1,"K Egawa, A Iftner, J Doorbar, Y Honda, T Iftner","Virology 268 (2), 281-293",https://scholar.google.com/scholar?oi=bibs&hl=en&cites=5970200685796768944,30,2000
Host control of human papillomavirus infection and disease,J Doorbar,"Best Practice & Research Clinical Obstetrics & Gynaecology 47, 27-41",https://scholar.google.com/scholar?oi=bibs&hl=en&cites=10249406473946706234,28,2018
Inhibition of HPV-16 E7 oncogenic activity by HPV-16 E2,"N Gammoh, E Isaacson, V Tomaić, DJ Jackson, J Doorbar, L Banks","Oncogene 28 (23), 2299",https://scholar.google.com/scholar?oi=bibs&hl=en&cites=4822731696134227232,28,2009
Molecular basis for advances in cervical screening,"J Doorbar, H Cubie","Molecular Diagnosis 9 (3), 129-142",https://scholar.google.com/scholar?oi=bibs&hl=en&cites=6490178481570197982,27,2005
Epitope-mapped monoclonal antibodies against the HPV16 E1⋀ E4 protein,"J Doorbar, S Ely, N Coleman, M Hibma, DH Davies, L Crawford","Virology 187 (1), 353-359",https://scholar.google.com/scholar?oi=bibs&hl=en&cites=15139991396507328259,27,1992
"Deregulation of E‐cadherin by human papillomavirus is not confined to high‐risk, cancer‐causing types","CM Leong, J Doorbar, I Nindl, HS Yoon, MH Hibma","British Journal of Dermatology 163 (6), 1253-1263",https://scholar.google.com/scholar?oi=bibs&hl=en&cites=2675748114142627769,26,2010
Investigating Diagnostic Problems of CIN 1 and 2 Associated with High-Risk HPV by Combining the Novel Molecular Biomarker PanHPV E4 with P16ink4a,"R van Baars, H Griffin, Z Wu, YJ Soneji, M van de Sandt, R Arora, ...","The American journal of surgical pathology 39 (11), 1518",https://scholar.google.com/scholar?oi=bibs&hl=en&cites=5211248494900246070,24,2015
Screening for papilloma viruses,J Doorbar,"US Patent 7,135,281","https://scholar.google.com/scholar?oi=bibs&hl=en&cites=3495667177683703512,14931183409360866456",21,2006
p53 controls expression of the DNA deaminase APOBEC3B to limit its potential mutagenic activity in cancer cells,"M Periyasamy, AK Singh, C Gemma, C Kranjec, R Farzan, DA Leach, ...","Nucleic acids research 45 (19), 11056-11069",https://scholar.google.com/scholar?oi=bibs&hl=en&cites=8597378367732752397,20,2017
Interaction of the human papillomavirus E6 oncoprotein with sorting nexin 27 modulates endocytic cargo transport pathways,"K Ganti, P Massimi, J Manzo-Merino, V Tomaić, D Pim, MP Playford, ...","PLoS pathogens 12 (9), e1005854",https://scholar.google.com/scholar?oi=bibs&hl=en&cites=6333763811148057496,20,2016
"HPV16 and 18 genome amplification show different E4-dependence, with 16E4 enhancing E1 nuclear accumulation and replicative efficiency via its cell cycle arrest and kinase …","N Egawa, Q Wang, HM Griffin, I Murakami, D Jackson, R Mahmood, ...","PLoS pathogens 13 (3), e1006282",https://scholar.google.com/scholar?oi=bibs&hl=en&cites=3016445949047823588,19,2017
The high-risk HPV E6 target scribble (hScrib) is required for HPV E6 expression in cervical tumour-derived cell lines,"C Kranjec, V Tomaić, P Massimi, L Nicolaides, J Doorbar, L Banks","Papillomavirus Research 2, 70-77",https://scholar.google.com/scholar?oi=bibs&hl=en&cites=10392125231431149145,16,2016
Human papillomavirus infection and induction of neoplasia: a matter of fitness,"C Kranjec, J Doorbar","Current opinion in virology 20, 129-136",https://scholar.google.com/scholar?oi=bibs&hl=en&cites=5091347763866050956,16,2016
Quantitative measurement of human papillomavirus type 16 e5 oncoprotein levels in epithelial cell lines by mass spectrometry,"Z Sahab, SR Sudarshan, X Liu, YY Zhang, A Kirilyuk, CM Kamonjoh, ...","Journal of virology 86 (17), 9465-9473",https://scholar.google.com/scholar?oi=bibs&hl=en&cites=16081302872096769363,16,2012
The CXCL12/CXCR4 signaling pathway: a new susceptibility factor in human papillomavirus pathogenesis,"F Meuris, L Carthagena, A Jaracz-Ros, F Gaudin, P Cutolo, C Deback, ...","PLoS pathogens 12 (12), e1006039",https://scholar.google.com/scholar?oi=bibs&hl=en&cites=17007449148864427355,15,2016
HPV-18 E2^ E4 chimera: 2 new spliced transcripts and proteins induced by keratinocyte differentiation,"CL Tan, J Gunaratne, D Lai, L Carthagena, Q Wang, YZ Xue, LS Quek, ...","Virology 429 (1), 47-56",https://scholar.google.com/scholar?oi=bibs&hl=en&cites=13149512573048685907,15,2012
Modulation of basal cell fate during productive and transforming HPV‐16 infection is mediated by progressive E6‐driven depletion of Notch,"C Kranjec, C Holleywood, D Libert, H Griffin, R Mahmood, E Isaacson, ...","The Journal of pathology 242 (4), 448-462",https://scholar.google.com/scholar?oi=bibs&hl=en&cites=8903927670841941809,14,2017
Characterization of skin lesions induced by skin‐tropic α‐and β‐papillomaviruses in a patient with epidermodysplasia verruciformis,"C Borgogna, MM Landini, S Lanfredini, J Doorbar, JN Bouwes Bavinck, ...","British Journal of Dermatology 171 (6), 1550-1554",https://scholar.google.com/scholar?oi=bibs&hl=en&cites=2819338398272255132,13,2014
α-and β-Papillomavirus infection in a young patient with an unclassified primary T-cell immunodeficiency and multiple mucosal and cutaneous lesions,"MM Landini, C Borgogna, A Peretti, E Colombo, E Zavattaro, R Boldorini, ...","Journal of the American Academy of Dermatology 71 (1), 108-115. e1",https://scholar.google.com/scholar?oi=bibs&hl=en&cites=3051146089104572397,13,2014
Expression of papillomavirus L1 proteins regulated by authentic gene codon usage is favoured in G2/M-like cells in differentiating keratinocytes,"J Ding, J Doorbar, B Li, F Zhou, W Gu, L Zhao, NA Saunders, IH Frazer, ...","Virology 399 (1), 46-58",https://scholar.google.com/scholar?oi=bibs&hl=en&cites=12040926408845241563,13,2010
Detection of papillomavirus proteins and DNA in paraffin-embedded tissue sections,"WL Peh, J Doorbar","Human Papillomaviruses, 49-59",https://scholar.google.com/scholar?oi=bibs&hl=en&cites=8210633559418078127,13,2005
Detection of abnormalities leading to cervical malignancy,J Doorbar,"US Patent App. 10/350,719",https://scholar.google.com/scholar?oi=bibs&hl=en&cites=717035256054162084,13,2003
Presence of human papillomavirus in semen of healthy men is firmly associated with HPV infections of the penile epithelium,"R Luttmer, MG Dijkstra, PJF Snijders, ES Jordanova, AJ King, DTM Pronk, ...","Fertility and sterility 104 (4), 838-844. e8",https://scholar.google.com/scholar?oi=bibs&hl=en&cites=7616458524896654230,11,2015
"HPV E4 expression and DNA hypermethylation of CADM1, MAL, and miR124-2 genes in cervical cancer and precursor lesions","M van Zummeren, WW Kremer, A Leeman, MCG Bleeker, D Jenkins, ...","Modern Pathology 31 (12), 1842",https://scholar.google.com/scholar?oi=bibs&hl=en&cites=7029820310301711415,10,2018
Late stages of the papillomavirus life cycle,J Doorbar,"Papillomavirus report 9, 119-126",https://scholar.google.com/scholar?oi=bibs&hl=en&cites=8430965642393930605,10,1998
"ONCOGENIC HUMAN PAPILLOMAVIRUSES: High-Risk Human Papillomaviruses: Towards a Better Understanding of the Mechanisms of Viral Transformation, Latency and Immune-Escape.","AA Cid, P Gariglio, T Kanda, J Doorbar","The open virology journal 6, 160-162",https://scholar.google.com/scholar?oi=bibs&hl=en&cites=5796613191959285378,9,2012
Serine/arginine-rich splicing factor 3 and heterogeneous nuclear ribonucleoprotein A1 regulate alternative RNA splicing and gene expression of human papillomavirus 18 through …,"M Ajiro, S Tang, J Doorbar, ZM Zheng","Journal of virology 90 (20), 9138-9152",https://scholar.google.com/scholar?oi=bibs&hl=en&cites=17650277340874537816,8,2016
Detection of papillomavirus gene expression patterns in tissue sections,"H Griffin, J Doorbar","Current protocols in microbiology 41 (1), 14B. 7.1-14B. 7.20",https://scholar.google.com/scholar?oi=bibs&hl=en&cites=12089449822747556968,8,2016
Identification of the skin virome in a boy with widespread human papillomavirus‐2‐positive warts that completely regressed after administration of tetravalent human …,"MM Landini, C Borgogna, A Peretti, J Doorbar, H Griffin, F Mignone, A Lai, ...","British Journal of Dermatology 173 (2), 597-600",https://scholar.google.com/scholar?oi=bibs&hl=en&cites=3556781187843330231,7,2015
Human papillomaviruses: methods and protocols,"C Davy, J Doorbar",Springer Science & Business Media,https://scholar.google.com/scholar?oi=bibs&hl=en&cites=3805058302272974204,7,2005
Biology of papillomavirus replication in infected epithelium,"J Doorbar, K Raj","Future Medicine Ltd 2 (6), 573-586",https://scholar.google.com/scholar?oi=bibs&hl=en&cites=11170002434821217712,5,2007
The role of human papillomaviruses and polyomaviruses in BRAF-inhibitor induced cutaneous squamous cell carcinoma and benign squamoproliferative lesions.,"KJ Purdie, CM Proby, H Rizvi, H Griffin, J Doorbar, M Sommerlad, ...","Frontiers in microbiology 9, 1806",https://scholar.google.com/scholar?oi=bibs&hl=en&cites=5078355651587735640,4,2018
"Mutations in HPV18 E1^ E4 Impact Virus Capsid Assembly, Infectivity Competence, and Maturation","J Biryukov, J Myers, M McLaughlin-Drubin, H Griffin, J Milici, J Doorbar, ...","Viruses 9 (12), 385",https://scholar.google.com/scholar?oi=bibs&hl=en&cites=11523415518632523205,4,2017
The papillomavirus episteme,"PF Lambert, A McBride, HU Bernard","Virology 445 (1-2), 1",https://scholar.google.com/scholar?oi=bibs&hl=en&cites=17525096120504902495,4,2013
Screening for papilloma viruses,J Doorbar,"US Patent 6,346,377",https://scholar.google.com/scholar?oi=bibs&hl=en&cites=8481364870006332642,4,2002
Refining our understanding of cervical neoplasia and its cellular origins,"J Doorbar, H Griffin",Papillomavirus Research,https://scholar.google.com/scholar?oi=bibs&hl=en&cites=10952915527532961443,3,2019
Discovery of several thousand highly diverse circular DNA viruses,"MJ Tisza, DV Pastrana, NL Welch, B Stewart, A Peretti, GJ Starrett, ...","BioRxiv, 555375",https://scholar.google.com/scholar?oi=bibs&hl=en&cites=1641675851310397141,3,2019
Presence or Absence of Significant HPVE4 Expression in High-grade Anal Intraepithelial Neoplasia With p16/Ki-67 Positivity Indicates Distinct Patterns of Neoplasia,"A Leeman, EC Pirog, J Doorbar, MM van de Sandt, FJ van Kemenade, ...","The American journal of surgical pathology 42 (4), 463-471",https://scholar.google.com/scholar?oi=bibs&hl=en&cites=13315742091100432934,3,2018
"HPV8-E6 Interferes with Syntenin-2 expression through deregulation of differentiation, methylation and phosphatidylinositide-kinase dependent mechanisms","B Marx, D Miller-Lazic, J Doorbar, S Majewski, K Hofmann, M Hufbauer, ...","Frontiers in Microbiology 8, 1724",https://scholar.google.com/scholar?oi=bibs&hl=en&cites=12882754747609213781,3,2017
Roles for E1-independent replication and E6-mediated p53 degradation during low-risk and high-risk human papillomavirus genome maintenance,"I Murakami, N Egawa, H Griffin, W Yin, C Kranjec, T Nakahara, T Kiyono, ...","PLoS pathogens 15 (5), e1007755",https://scholar.google.com/scholar?oi=bibs&hl=en&cites=14969194596496781567,2,2019
"Suppl 2: ONCOGENIC HUMAN PAPILLOMAVIRUSES: High-Risk Human Papillomaviruses: Towards a Better Understanding of the Mechanisms of Viral Transformation, Latency and Immune-Escape","AC Arregui, P Gariglio, T Kanda, J Doorbar","The Open Virology Journal 6, 160",https://scholar.google.com/scholar?oi=bibs&hl=en&cites=12442493671459417353,2,2012
Verrucous pilar cysts infected with beta human papillomavirus,"BA Nanes, S Laknezhad, B Chamseddin, J Doorbar, A Mir, GA Hosler, ...",Journal of Cutaneous Pathology,https://scholar.google.com/scholar?oi=bibs&hl=en&cites=8242861178078153860,1,2019
Grading immunohistochemical markers p16INK4a and HPV E4 identifies productive and transforming lesions caused by low‐and high‐risk HPV within high‐grade anal squamous …,"A Leeman, D Jenkins, E Marra, M van Zummeren, EC Pirog, ...",British Journal of Dermatology,https://scholar.google.com/scholar?oi=bibs&hl=en&cites=14532508636122471676,1,2019
Regulation of 16E4 amyloid formation by caplain cleavage,"J Khan, P McIntosh, S Hinz, E Isaacson, C Davy, J Doorbar",24th International Papillomavirus Conference and Clinical Workshop. Beijing …,https://scholar.google.com/scholar?oi=bibs&hl=en&cites=4730004361445774189,1,2007
Human Papillomaviruses,"C Davy, J Doorbar",New Jersey: Humana Press Ine,https://scholar.google.com/scholar?oi=bibs&hl=en&cites=5537031380138122179,1,2005
Detection of novel splicing pattern in a HPV-16 containing keratinocyte cell line,J Doorbar,"Virology 63, 159-161",https://scholar.google.com/scholar?oi=bibs&hl=en&cites=11472059185736017084,1,1990
Infection to Cancer—Finding Useful Biomarkers for Predicting Risk of Progression to Cancer,"M von Knebel Doeberitz, CJLM Meijer, A Lorincz, J Doorbar, A Leeman","Human Papillomavirus, 269-282",,0,2020
Biology of the Human Papillomavirus Life Cycle: The Basis for Understanding the Pathology of PreCancer and Cancer,"J Doorbar, D Jenkins, MH Stoler, C Bergeron","Human Papillomavirus, 67-83",,0,2020
"HPV can establish productive infection in dysplastic oral mucosa, but HPV status is poorly predicted by histological features and p16 expression","N Hendawi, S Niklander, O Allsobrook, SA Khurram, R Bolt, J Doorbar, ...",Histopathology,,0,2019
Human papillomavirus type 16 causes a defined subset of conjunctival in situ squamous cell carcinomas,"H Griffin, HS Mudhar, P Rundle, A Shiraz, R Mahmood, N Egawa, W Quint, ...","Modern Pathology, 1-17",,0,2019
"Expression Patterns of Immunohistochemical Markers p16 and HPV E4 on Biopsy Provide a Reproducible, Potentially Clinically Useful Classification of Cervical and Anal High-Grade …","D Jenkins, A Leeman, J Doorbar, WGV Quint","JOURNAL OF PATHOLOGY 249, S15-S15",,0,2019
Human Papillomavirus type 16 Causes a Defined Subset of Conjunctival In Situ Squamous Cell Carcinomas,"J Doorbar, H Griffin",Nature Publishing Group,,0,2019
Whole tissue cervical mapping of HPV infection: Molecular evidence for focal latent HPV infection in humans,"A Hammer, MNC de Koning, J Blaakaer, T Steiniche, J Doorbar, H Griffin, ...","Papillomavirus Research 7, 82-87",,0,2019
Whole tissue cervical mapping of HPV infection: molecular evidence for focal latent HPV infection in human,"AH Lauridsen, M de Koning, J Doorbar, H Griffin, J Blaakær, T Steiniche, ...","Papillomavirus Research (amsterdam, Netherlands)",,0,2019
Risk stratification of cervical disease using detection of human papillomavirus (HPV) E4 protein and cellular MCM protein in clinical liquid based cytology samples,"A Stevenson, K Kavanagh, J Pan, L Stevenson, H Griffin, J Doorbar, ...","Journal of Clinical Virology 108, 19-25",,0,2018
p16 (INK4a) and HPV E4 Expression Patterns in Intraepithelial Neoplasia Caused by Low-Risk and High-Risk HPV Infection: A Study by Laser Capture Microdissection,"A Leeman, D Jenkins, E Marra, EC Pirog, MM van de Sandt, ...","JOURNAL OF PATHOLOGY 246, S33-S33",,0,2018
Identification of productive and transforming anal intraepithelial neoplasia using immunohistochemical markers p16INK4a and HPV E4,"A Leeman, D Jenkins, E Marra, E Pirog, M van de Sandt, MS van der Loeff, ...","Papillomavirus Research 5, S8",,0,2018
"Cervical Neoplasia: Mechanisms of Disease Progression, Biomarkers and Therapeutic Targets",J Doorbar,"JOURNAL OF PATHOLOGY 240, 3-3",,0,2016
Models of Human Papillomavirus-Associated Disease,J Doorbar,"JOURNAL OF PATHOLOGY 240, 6-6",,0,2016
SRSF3 and hnRNP A1 regulate alternative RNA splicing and gene expression of human papillomavirus type 18 through two functionally distinguishable cis-elements,"M Ajiro, S Tang, J Doorbar, ZM Zheng","Journal of Virology, JVI. 00965-16",,0,2016
Natural History and Biology of Human Papillomaviruses,J Doorbar,"Textbook of Penile Cancer, 17-29",,0,2016
Pathogenesis of Papillomaviruses in Humans,J Doorbar,Human Emerging and Re‐emerging Infections: Viral and Parasitic Infections …,,0,2015
SMALL DNA TUMOUR VIRUS INFECTIONS IN TUMOURS FROM A COHORT OF KIDNEY TRANSPLANT RECIPIENTS: O264,"C Musetti, C Borgogna, T Cena, F Calati, O Carlotta, R Boldorini, ...",Transplant International 28,,0,2015
Investigating Diagnostic Problems of CIN1 and CIN2 Associated With High-risk HPV by Combining the Novel Molecular Biomarker PanHPVE4 With P16INK4a,"J van der Marel, R Van Baars, H Griffin, Z Wu, Y Soneji, M van de Sandt, ...",,,0,2015
Identification of the skin virome in a young boy with widespread HPV2-positive warts that completely regressed after administration of tetravalent human papillomavirus vaccine.,"MM Landini, C Borgogna, A Peretti, J Doorbar, H Griffin, F Mignone, A Lai, ...",,,0,2015
Different infection patterns in patients displaying abnormal susceptibility to HPV associated with development of multiple skin and mucosal lesions,"C Olivero, F Calati, A Peretti, C Borgogna, M DE ANDREA, J Doorbar, ...","DNA Tumour Virus Meeting 2015, 0-0",,0,2015
Events during the beta-papillomavirus life cycle in EpidermodysplasiaVerruciformis lesions.,"C Borgogna, E Zavattaro, M DE ANDREA, HM Griffin, V Dell'Oste, ...","Congress of European Microbiologists, ---",,0,2011
Beta-HPV infection and skin cancer in patients suffering from chronic lymphocytic leukemia,"E Zavattaro, A Peretti, M De Andrea, C Borgogna, D Rossi, A Ramponi, ...",41st Annual Meeting of the European Society for Dermatological Research …,,0,2011
Elucidation of natural beta-HPV host interactions in organotypic raft cultures and skin biopsies from Epidermodysplasia verruciformis patients.,"C Borgogna, V Dell'Oste, B Azzimonti, E Zavattaro, M Mondini, ...","4th European Congress of Virology, ---",,0,2010
VIRUS-CELL INTERACTIONS-Functional Analysis of the Human Papillomavirus Type 16 El? E4 Protein Provides a Mechanism for In Vivo and In Vitro Keratin Filament Reorganization,"Q Wang, H Griffin, S Southern, D Jackson, A Martin, P McIntosh, C Davy, ...","Journal of Virology 78 (2), 821-833",,0,2004
PATHOGENESIS AND IMMUNITY-Organization of Human Papillomavirus Productive Cycle during Neoplastic Progression Provides a Basis for Selection of Diagnostic Markers,"K Middleton, W Peh, S Southern, H Griffin, K Sotlar, T Nakahara, ...","Journal of Virology 77 (19), 10186-10201",,0,2003
PATHOGENESIS AND IMMUNITY-Depletion of Langerhans Cells in Human Papillomavirus Type 16-Infected Skin Is Associated with E6-Mediated Down Regulation of E-Cadherin,"K Matthews, CM Leong, L Baxter, E Inglis, K Yun, BT Backstrom, ...","Journal of Virology 77 (15), 8378-8385",,0,2003
"Johnston, Robert E., 190 Juhela, Sirpa, 131","EJ Jung, AAF de Vries, J Doorbar, R Duncan, RS Dwarakanath, ...","Virology 284, 317",,0,2001
"Barbeau, Benoit, 26 Benthin, Reinhold, 46 Bieck, Elke, 70 Bloom, David C., 62","HE Blum, E Claudio, RG Collman, KM Coombs, J Doorbar, R Duncan, ...","Virology 284, 152",,0,2001
Initiation of late events in HPV16 infection does not correlate with the appearance of differentiation markers,"K Middleton, K Sotlar, A El-Sherif, D Jenkins, N Coleman, J Doorbar","JOURNAL OF PATHOLOGY 192, 23A-23A",,0,2000
COINCIDENT EXPRESSION OF THE HUMAN PAPILLOMAVIRUS E4 PROTEIN WITH VIRAL DNA REPLICATION IN CUTANEOUS AND MUCOSAL LESIONS.,"S Napthine, J Sterling, J Doorbar, L Giddings, L Medcalf, P Cooper",British Journal of Dermatology 136 (3),,0,1997
"A Franchini, Marco, 8 Li, Tong, 103 S Freyaldenhoven, Bettina S., 1 Liao, Ching-Len, 30 Akens, Margarete, 8 Sabbe, Rebecca E., 22 Fuerst, Thomas R., 94 Lim, Michael, 64 Smith …","AK Banerjee, J Sterling, BM Gebhardt, MD Bowen, RF Grant, V T Bracher, ...","Virology 238, 167",,0,1997
DOES HUMAN PAPILLOMAVIRUS E4 PROTEIN INTERACT WITH FILAGGRIN AS WELL AS KERATIN?,"J Sterling, J Skepper, J Doorbar, L Giddings",British Journal of Dermatology 134 (3),,0,1996
"Callebaut, Isabelle, 48 Campbell, Ann E., 132","P Abrescia, A Adachi, BN Afanasiev, B Aguado, A Hirofumi, J Albert, ...","Virology 185, 947-949",,0,1991
"Cameron, lain R., 35 Campadelli-Fiume, Gabriella, 213 Campbell, Ann E., 452 Campbell, 1. IA, 297","F Al-Bagdadi, MA Ali, K Anderson, R Andreesen, T Araullo-Cruz, A RB, ...","Virology 178, 637",,0,1990
"Furuno, Akemi, 31 I Fuse, Akira, 92","MR Adhin, GM Air, S Amini, KJ Auborn, DD Auperin, YS Bae, A Barber, ...",,,0,1989
Identification of Proteins Encoded by the Major Open Reading Frames of Human Papillomavirus Type 1 (HPV-1): Production of Specific Antisera,J Doorbar,University of Birmingham,,0,1985
Papillomavirus Research,"A Hammer, MNC de Koning, J Blaakaer, T Steiniche, J Doorbar, H Griffin, ...",,,0,0
Papillomavirus Research,"JB Banks, J Cuzick, J Doorbar, A Giuliano, J Jeronimo, J Kim, P Stern",,,0,0
"Our thanks to all those who have helped with this issue of Expert Review of Molecular Diagnostics. Listed below are the authors, referees and others who have kindly given their …","M Arbyn, N Ashley, SM Bagshaw, K Beuselinck, D Bonne, ...",,,0,0
Characterization of the DNA Binding Features of Saccharomyces castellii Cdc13p,"S Manicassamy, M Sadim, RD Ye, Z Sun, H Griffin, R Elston, D Jackson, ...",,,0,0
Are Residues in a Protein Folding Nucleus Evolutionarily Conserved?,"L Brandi, S Marzi, A Fabbretti, C Fleischer, WE Hill, CO Gualerzi, ...","Structure 1007, 1018",,0,0
